0.079303675148240
0.983385254448164
0.788764044879667
0.702869964042171
0.483617300158510
0.780354197650427
0.760429698590692
0.838852097253499
0.848229064695675
0.403095932279891
0.220892497267342
0.978531073512727
0.553627233379546
0.126961430079436
0.855053113915774
0.144662921236362
0.337635171189141
0.088270618486842
0.831328694834257
0.971326164843944
0.144530646153168
0.185132526648730
0.372739527217264
0.400822689227253
0.457274826812355
0.866939742702715
0.312387791724785
0.293183389636528
0.960126856542184
0.218383254690171
0.706473214298503
0.192816490108176
0.660828025399835
0.554716981144571
0.611021069680936
0.279693486593760
0.030202756315200
0.967465753416227
0.585895117599497
0.422735346254284
0.536585365953760
0.837433155019889
0.959247293336835
0.800337174389709
0.487379142659371
0.564796905267110
0.488043728836746
0.628449514247170
0.385072662671070
0.278453781856043
0.935323383170567
0.844808743254278
0.192073170848893
0.694399999875054
0.097178683272809
0.857644991263881
0.187246963452952
0.432180851076288
0.851893872983228
0.784693877625243
0.759899435239774
0.173142105219000
0.217177914007611
0.552866564053982
0.079477846470221
0.408026755921515
0.162814070337264
0.373925501362470
0.009028377317075
0.342818428118606
0.453767843582218
0.878333333370140
0.798503875379863
0.173600966386828
0.148414985553259
0.521220117557050
0.890457360158280
0.744227447184040
0.366366366348880
0.486544989881417
0.072317683368362
0.369845360765581
0.913174808557432
0.549723055343625
0.663055840668071
0.005866671084286
0.780075187969117
0.517753625926651
0.306428354474091
0.342538340516596
0.755330562789464
0.649263721473899
0.852897474042416
0.272563560973973
0.772030651361470
0.464426877569038
0.068642745793061
0.436585365938290
0.253119695564768
0.560821484937627
0.013487475922710
0.753883441631712
0.315878378465492
0.187032418857084
0.541022592254358
0.526207605361970
0.353002070287509
0.911688311789134
0.946650123963937
0.824250681081467
0.375541125639050
0.017456359008056
0.775157207773030
0.906515175931530
0.961170396436520
0.946785855720924
0.869143780166423
0.197438008930851
0.449426485888111
0.931563085376318
0.675504644983084
0.747397519876598
0.174825174846169
0.121522039735949
0.860113421493874
0.196261682247919
0.905331882469046
0.745046235240197
0.152016546073385
0.379275653804147
0.676962676862200
0.369175627234154
0.243628950007454
0.926994906620452
0.295505617878727
0.545595053985888
0.892529488968086
0.344786729932933
0.503255792052864
0.314387866939678
0.602601230461684
0.087887748430278
0.132284720686389
0.166330701900182
0.441247002416039
0.607192254498802
0.921827823071491
0.943495071036461
0.869627562916400
0.183284457390371
0.471560415201623
0.754444444447149
0.123904717098064
0.410218978004283
0.079507332011486
0.336397058917652
0.032586557972974
0.107099879657021
0.960427807504636
0.089178620231590
0.217194570121479
0.021450459612253
0.560215610136046
0.732571428671547
0.810101010073430
0.432855207326636
0.490940999010591
0.876961534864892
0.280245146007903
0.893129770901886
0.685512367604036
0.604467805532690
0.426984127019113
0.596292481993158
0.967840735031824
0.982860465869852
0.593241191615008
0.720603185985777
0.308532483039470
0.226640941675567
0.003003215961496
0.453010979375210
0.331793334388181
0.452277724698538
0.879958246453839
0.728144989220610
0.644048943190983
0.693937730494153
0.640335388192841
0.788247531727174
0.882273342308969
0.484231942990550
0.960078607887203
0.525473071379063
0.257540603214225
0.966376095864256
0.084837545148879
0.103875969062223
0.244974866341112
0.788401253870160
0.627320608755308
0.791760908568511
0.575322856615022
0.715880893389057
0.843398157657059
0.581180217550421
0.601257861664938
0.841363505104049
0.022177419354647
0.452162516318984
0.357961299198735
0.086879432683948
0.747382198862359
0.360416666566291
0.378228027229021
0.025435073672456
0.030092592530920
0.036279544292962
0.427052311191763
0.187306316473093
0.760736196196159
0.718709404317525
0.200971375186378
0.201175321480894
0.555772994100076
0.866782740958988
0.789730665715611
0.064912152995488
0.485273492212587
0.951277862999186
0.595870206495539
0.046327235460485
0.438948792358568
0.004643666528465
0.492592592650832
0.057455427746133
0.969354838647559
0.174183514715221
0.513219570407897
0.008706467641317
0.457202505170977
0.216795244105143
0.029827315565500
0.677310924462945
0.519696969667738
0.279783393567325
0.982938235477812
0.659415676590627
0.689848277651123
0.190425596514106
0.659520806940871
0.546808510606356
0.915675675792681
0.622461170855946
0.557434045504680
0.276357827586999
0.301408450683344
0.456018518572220
0.460474308376265
0.489224138028128
0.148986889176948
0.380136986286401
0.229079497828627
0.479204340013002
0.479650841334284
0.378437843790775
0.922162905600864
0.424731182705376
0.715803452890410
0.342239421506501
0.312727272645572
0.429005867061721
0.563245565935905
0.434437086138515
0.064436626175091
0.972902113245814
0.439684329085469
0.136831275825765
0.379220779279056
0.545857922175453
0.482580645201816
0.193490054337916
0.569982817182683
0.527691970541513
0.033639143614860
0.645244215822440
0.638832998047126
0.005107973643984
0.199573105581429
0.027901785709753
0.978916799115902
0.546308724758704
0.110191796762734
0.899585921423838
0.427466150881389
0.828888888895817
0.826844262263101
0.688073394520001
0.837303007629911
0.990306946626560
0.834017805018732
0.370098039156868
0.338521400770821
0.647058823409452
0.419248864685964
0.719551910142813
0.176312247760258
0.262938442284767
0.427096774272277
0.081751824870315
0.083643122583055
0.259878419508175
0.493092454797885
0.664163090233951
0.989869753910555
0.503993558321356
0.506981994567790
0.326875215158672
0.313265416904738
0.321116674944330
0.412060301503489
0.220417633317885
0.637097126666962
0.427656850293710
0.180904522642021
0.324267782480344
0.375806451670310
0.817745934426420
0.027304757162619
0.497135736669623
0.562294287153598
0.056680161933048
0.694973248503341
0.815701464448453
0.410462776560828
0.243105209287942
0.688600161739055
0.956912028604224
0.966501240681936
0.488958990617803
0.950603732252302
0.435111858161889
0.202318179218242
0.434434434350180
0.451115182954971
0.931372548907145
0.379162191138108
0.646090425779473
0.058962264204505
0.275574112758117
0.272539951963542
0.495614035203129
0.165204797507529
0.918345542922866
0.527311555373454
0.517520215731870
0.557863501471921
0.024148780908005
0.078638497676950
0.748643761287618
0.531386861404212
0.644552221663360
0.833948339498551
0.794533167288165
0.686550976250967
0.920508338008016
0.084044653820912
0.210293180750592
0.911670374841209
0.188328912445563
0.529244484133082
0.540473225423781
0.690810810787299
0.493390360706306
0.071872588262728
0.877260981984479
0.185512367592552
0.375870108295961
0.783471207859491
0.467275494753077
0.358267716619750
0.418156808837892
0.487138263587147
0.385856079415711
0.721801044612695
0.677733179560674
0.460227272695821
0.627212389376018
0.547323023996732
0.643817529391795
0.009925130205884
0.176900584760284
0.789407561960282
0.715094339698008
0.059279148470454
0.542185338815190
0.739789965088708
0.769820971843058
0.153442417176560
0.836012861858390
0.661272937075425
0.503128111334446
0.901893122257538
0.893068812873111
0.314618643947797
0.238351254603334
0.886060606059124
0.787914691925925
0.664219821424652
0.953990695093569
0.813614262675341
0.601315789443947
0.079797329829081
0.736275565215077
0.301156913496781
0.496225555525100
0.343843843764668
0.304140127475590
0.693491236579421
0.714656290496602
0.011456628592741
0.282802547820376
0.705689046429376
0.724968314405348
0.744872349732730
0.824627880994999
0.161843515459132
0.530048077041344
0.665318503416934
0.754926108469220
0.634755463075125
0.621550838300054
0.218404907902667
0.016413971050691
0.908507223212466
0.209449328733753
0.846655631246987
0.361592569298412
0.231363674701282
0.120098039138390
0.326432877082643
0.663956639519633
0.423117582817542
0.028186628583131
0.526371496303016
0.252449363573945
0.702758955782388
0.531982285082222
0.422518159836038
0.378737541547166
0.459863686074423
0.021810250781583
0.691914022601710
0.831376734186506
0.509722222177655
0.816368001500225
0.575922656937389
0.639372689706535
0.847629796881894
0.899717514165590
0.550666666746981
0.090534979473899
0.174621653054046
0.676724137820654
0.957719160444703
0.270791058093154
0.514429945587262
0.846073298500818
0.316704500674830
0.157452610355691
0.143907554132875
0.291623036907535
0.264654199048453
0.485980584048328
0.328378378485467
0.662704309030967
0.741410488279997
0.267229615523128
0.461250000049801
0.746003552452408
0.500602908687894
0.872998823272263
0.230560353991389
0.920302950859854
0.118161925629489
0.333996491011612
0.383775351049193
0.532923970434594
0.076070180124275
0.549944948670571
0.509844559544267
0.195416868574968
0.697296406981932
0.190039318602916
0.694974003563524
0.169782341098537
0.885283893486328
0.355850422152775
0.116779075224984
0.140172498743466
0.928057553951191
0.968883961526467
0.209797657055740
0.604501607631998
0.638989688721264
0.986181308731270
0.308880308941154
0.692998204648669
0.405743800765721
0.252970095780259
0.325179856060346
0.122739018131309
0.174063720164482
0.743365234212274
0.061867266589601
0.592248062113502
0.668459888105048
0.018791946228209
0.831583240264716
0.872143338174455
0.001623376527568
0.762460233381199
0.662055336092279
0.430992736068828
0.914761659863308
0.497396360592893
0.004415011043667
0.320567519098628
0.491259501282810
0.977699530462367
0.575555555656284
0.901921132471655
0.925824175735935
0.856953642274968
0.644542772853249
0.582802547764040
0.002789400220574
0.212734245792970
0.595427421917545
0.867227841862414
0.970202622064243
0.574193548456571
0.801862647412699
0.827292110807701
0.738396624552992
0.597090198396121
0.684660274088756
0.324971131786995
0.226002245310415
0.874608150419719
0.176752631189736
0.789053591903945
0.818589025677949
0.927339901593988
0.890953429716481
0.968668407380150
0.658049924390046
0.618729097033010
0.860426929305943
0.874432375072984
0.638487207942022
0.072642997274035
0.423395445214927
0.616646825330567
0.853907145410631
0.779746835545908
0.976930792500346
0.448120300755478
0.095092024431516
0.168740170647169
0.880819366829165
0.201580174569272
0.049736851857070
0.227175763695893
0.561142857250728
0.790099009954723
0.855637513224817
0.442415730277731
0.875491480896341
0.725312457064829
0.211143695068230
0.165138138504234
0.065491720501334
0.386174016594795
0.743718592845061
0.029093048775800
0.555390296876191
0.980861656830540
0.924177443467698
0.590248962638245
0.853526808178172
0.697061803491527
0.193445313352205
0.110673655357911
0.409926875739156
0.289678135340969
0.874217177731691
0.795964006020255
0.192124104906026
0.157823041900331
0.206379404343786
0.873983401707463
0.051359516550884
0.443634609645564
0.311719649568394
0.527599486508066
0.225969021612180
0.606948968415427
0.768434670224887
0.930481283365250
0.162946428515446
0.676981784068099
0.982195845694225
0.144249512766403
0.238353196220470
0.663647841680986
0.482936747175442
0.562428082297561
0.572317262818797
0.436602870690249
0.090189243573062
0.042042812407627
0.678251121156200
0.847773466442746
0.350398781372108
0.596053997981814
0.218978102281553
0.093378607744496
0.015235457138646
0.210287443299499
0.491883116926877
0.410943019153627
0.841447626415823
0.179289026349139
0.868150547956712
0.564259485988702
0.139807897590003
0.820773930731376
0.214026602068571
0.432641303520562
0.407048273221224
0.955665024574666
0.444609438752783
0.855958666043984
0.334158968237974
0.117329905505172
0.213885778270014
0.762116409679197
0.358163754913928
0.229820627753138
0.158185517968434
0.922611850054921
0.876016260186302
0.041193181933029
0.610432788417460
0.278740142875878
0.953007518853249
0.885983383676448
0.481852315318851
0.444964871313695
0.330136986179114
0.940229788894582
0.719822673464056
0.821271140616260
0.112997509972295
0.463099638747222
0.780434782634184
0.549389621556001
0.590692124158330
0.462983084593292
0.943368107325769
0.438991306305614
0.250266240560580
0.165656565586942
0.386333771300490
0.901662877589752
0.518047689185224
0.449388209083278
0.457814661021579
0.246044498203555
0.699332154206190
0.009566853809009
0.754693366650674
0.810852713296720
0.563679245302173
0.968162083826240
0.303095964110435
0.210592685969405
0.887453789084686
0.504780939515615
0.851969621989982
0.914663461603443
0.977635782787345
0.449883449828630
0.463511217281098
0.509740259812754
0.707091469616323
0.525161290219851
0.168759651633572
0.917678174195459
0.234910594806435
0.752917916093418
0.910706890090470
0.958281352939257
0.095120678255595
0.018367346887211
0.318737207061752
0.514430987312818
0.399244332459701
0.431166746676750
0.200704225408608
0.407132638876611
0.404643449405057
0.947885828396310
0.503168567903841
0.323157894775327
0.031659388530732
0.620756421012302
0.300999999941353
0.959925199838235
0.791431792530959
0.958263773022062
0.408873559862601
0.431702721671820
0.165781083914927
0.074652777699933
0.668058730849065
0.342066957738234
0.622058823630487
0.332006028849006
0.734357848445252
0.753017379489795
0.796318854615187
0.774960380235096
0.336469939968571
0.231334845502294
0.822445561202142
0.428422152521582
0.908629441550374
0.317404848374568
0.430595691332841
0.793437896216256
0.157631174836536
0.927819548762503
0.051932367061407
0.033068783012172
0.883516746887616
0.290380039557185
0.874335140913544
0.281006494122613
0.814884361278152
0.922779922664517
0.252223715275050
0.867429062069465
0.544689800146294
0.449832775981233
0.002275198704277
0.524765679968766
0.704633204530360
0.852825229889939
0.612301864492803
0.751089457511009
0.677629642555353
0.188218575223902
0.747014115143068
0.001681438513336
0.871599564704926
0.180232558182473
0.700408997981031
0.340672074120800
0.418495297825841
0.709034563518244
0.661141804677546
0.121575342368735
0.673645320276025
0.713737106996658
0.275060796742991
0.585570469828823
0.280235988118982
0.233412322384367
0.726049163323304
0.917615557665994
0.420024542174228
0.140876562438291
0.292214357889211
0.763224181360921
0.003973044387006
0.360535011526395
0.358166975578278
0.701353498677701
0.587448559683415
0.628762541685341
0.265458559396262
0.830584707639717
0.201538461485018
0.780727295665365
0.914089347093241
0.817749603835579
0.671979086120070
0.832520325229732
0.984709480112215
0.891553701710621
0.917572432935657
0.068415051306718
0.465708122773929
0.472168905877672
0.112478472708284
0.006265219164423
0.428023032713320
0.313674099742987
0.241081081034283
0.591677953835072
0.972250770841437
0.147350993394951
0.257879656200377
0.596014492677393
0.269562265692021
0.626893985458404
0.373068432725611
0.866342489358729
0.808000000111806
0.130053088180065
0.150394936975162
0.445324881169363
0.879107981184255
0.964169381038931
0.514920846063823
0.756313131334849
0.539780182621135
0.537284085563166
0.581371545463803
0.001694915243841
0.688757396504288
0.905740004714474
0.376156621784930
0.599356462829964
0.358460306189889
0.110448670913215
0.550625710986280
0.762482110198280
0.748809523733079
0.406188355300361
0.015341701469113
0.203926559589518
0.153030060975500
0.431397032874718
0.979559748434751
0.411676646747370
0.010139417003011
0.492371691145991
0.069464544232866
0.204757866767595
0.717460643270737
0.413390518817070
0.426983027251950
0.948228882950666
0.319526627331638
0.022154773999669
0.845995893201352
0.986371379956491
0.669714823161465
0.477295661013121
0.410511508262689
0.502752293489772
0.004291845487702
0.946484784866722
0.618161925529375
0.377644951847529
0.680041152201807
0.075794799831753
0.016714402053454
0.251461988232223
0.841772151889595
0.836662749656691
0.750943396141736
0.082114735756113
0.950753280572355
0.991820041011944
0.961716937346326
0.214943705288437
0.588494920091350
0.496311153281677
0.798732570881014
0.557712737392491
0.875722543349594
0.490660071172495
0.039934192074001
0.498374864501775
0.577518174254444
0.123100936843328
0.121614576571693
0.587354236722630
0.997326203151923
0.451822916709092
0.797486560737378
0.038732394356417
0.121990369241377
0.010075566697580
0.425041186164305
0.391580731299258
0.985457805276588
0.912447593457803
0.734832117794560
0.672699849063904
0.528954307204649
0.088265688062975
0.743525848209553
0.134708737913234
0.909189802691063
0.717567567623757
0.430457447170429
0.669986613061277
0.587867707513689
0.327446399186724
0.135559387792609
0.198765761732690
0.696875000040257
0.325222616588627
0.616018845792659
0.146680942194529
0.695810564726860
0.074152518899676
0.869004015157516
0.733424495583740
0.152800676909431
0.580139547545187
0.054127199035962
0.696763202647509
0.207177806669269
0.665812780357324
0.464411994434580
0.277392097029037
0.672705314120974
0.729699666419150
0.465721040086601
0.065082644624655
0.305152030132565
0.929475587715578
0.417346120172866
0.332986472306379
0.739455001042725
0.066304347810505
0.672922614899735
0.147126436826362
0.161000999128469
0.850104821794182
0.757743362849519
0.236269430060973
0.955423205746248
0.220383485272793
0.833125243341370
0.834333733481136
0.986870332257185
0.815492957793919
0.397943679866022
0.576252723384778
0.241433021870931
0.136636636676200
0.614181439045433
0.570256410340513
0.670816108346585
0.035616438445967
0.975794251062353
0.819505094495613
0.296407185577728
0.561346738537612
0.679460581028104
0.300394654445585
0.353635998426403
0.945695769394679
0.065276045259143
0.451836239218032
0.516237779706414
0.931374237513086
0.188940092276707
0.449923129129169
0.908963585315673
0.323857867988230
0.930810810847597
0.029821073609048
0.496609963113296
0.509181831890485
0.590759855083554
0.039278131638429
0.014728764743922
0.259627329316043
0.350247524818869
0.872579952655706
0.963218390702723
0.925505050628049
0.329618239838216
0.846465973522310
0.856093915731140
0.334431631035503
0.100864166406126
0.140949554938040
0.671564489674838
0.716632443515696
0.232032854152221
0.260479536222465
